chromosome	position	GC.percent	good.reads	adjusted.ratio	F	mutation	CNn	CNt	Mt	LPP
1	10436585	50	158	1.13001920790049	0.215	C>T	2	2	1	-21.8269777309033
1	11140488	38	41	1.13001920790049	0.122	A>G	2	2	0	-29.5335710675599
1	12888791	53	78	1.13001920790049	0.154	A>G	2	2	1	-30.6953244468817
1	15821826	58	478	1.13001920790049	0.389	G>T	2	2	1	-11.2163559518602
1	16890737	46	148	1.13001920790049	0.115	C>A	2	2	0	-29.5335710675599
1	16890771	38	101	1.13001920790049	0.109	G>A	2	2	0	-26.9421809373695
1	16894289	38	89	1.13001920790049	0.18	T>C	2	2	1	-26.5012016943301
1	16902727	56	120	1.13001920790049	0.125	G>C	2	2	0	-29.5335710675599
1	16902804	56	287	1.13001920790049	0.122	C>A	2	2	0	-29.5335710675599
1	16952510	67	78	1.13001920790049	0.141	G>A	2	2	1	-32.2409508465708
1	16952896	63	172	1.13001920790049	0.128	G>A	2	2	0	-32.2163034606778
1	16953672	63	411	1.13001920790049	0.109	C>T	2	2	0	-26.9421809373695
1	16953889	62	190	1.13001920790049	0.111	G>C	2	2	0	-26.9421809373695
1	17084670	56	149	1.13001920790049	0.114	A>G	2	2	0	-26.9421809373695
1	17183453	46	59	1.13001920790049	0.102	A>G	2	2	0	-24.4489754847668
1	19652684	55	48	1.13001920790049	0.208	G>C	2	2	1	-22.9047124345498
1	19983391	67	64	1.13001920790049	0.469	G>C	2	2	1	-10.5847648210263
1	25408519	52	52	1.13001920790049	0.115	G>A	2	2	0	-29.5335710675599
1	32627966	52	118	1.13001920790049	0.407	C>T	2	2	1	-10.8149304372073
1	33476292	42	105	1.13001920790049	0.105	A>G	2	2	0	-24.4489754847668
1	39175762	43	258	1.13001920790049	0.411	G>A	2	2	1	-10.8149304372073
1	39318028	29	56	1.13001920790049	0.5	T>C	2	2	1	-11.0084599570015
1	40207169	39	173	1.13001920790049	0.121	T>G	2	2	0	-29.5335710675599
1	47515287	42	49	1.13001920790049	0.347	G>A	2	2	1	-12.5216279777471
1	54509155	36	102	1.13001920790049	0.353	G>A	2	2	1	-12.5216279777471
1	55085499	61	62	1.5300642709616	0.194	T>C	2	3	1	-13.9893195335308
1	90126813	41	94	2.05188580467859	0.106	A>T	2	4	1	-15.2325797384447
1	94576968	52	183	1.63103729689515	0.104	T>C	2	3	1	-22.604861372504
1	95369073	42	237	1.63103729689515	0.608	G>C	2	3	2	-10.4761742501264
1	99772459	50	180	1.63103729689515	0.689	C>T	2	3	2	-11.4483266978986
1	109714403	56	67	1.63103729689515	0.224	C>A	2	3	1	-12.3227326842204
1	109839400	57	102	1.63103729689515	0.216	C>T	2	3	1	-12.3227326842204
1	110709719	58	128	1.63103729689515	0.125	T>C	2	3	1	-20.0962326474635
1	110709720	58	135	1.63103729689515	0.111	G>A	2	3	1	-21.3014546711899
1	112234068	36	212	1.63103729689515	0.132	T>A	2	3	1	-18.9823528866646
1	142806179	34	108	1.13453702253514	0.13	T>C	2	2	0	-32.2163034606778
1	143210174	35	59	1.13453702253514	0.136	C>G	2	2	1	-32.2409508465708
1	144619505	48	48	1.13453702253514	0.125	A>G	2	2	0	-29.5335710675599
1	145293308	44	55	1.13453702253514	0.182	G>C	2	2	1	-26.5012016943301
1	145293510	50	161	1.13453702253514	0.112	C>G	2	2	0	-26.9421809373695
1	148252049	45	137	1.13453702253514	0.139	A>C	2	2	1	-32.2409508465708
1	148252111	41	126	1.13453702253514	0.135	C>T	2	2	1	-32.2409508465708
1	148903097	62	114	1.13453702253514	0.105	C>A	2	2	0	-24.4489754847668
1	148903118	62	105	1.13453702253514	0.105	C>T	2	2	0	-24.4489754847668
1	152681722	59	78	1.13453702253514	0.103	C>T	2	2	0	-24.4489754847668
1	153954808	46	80	1.13453702253514	0.1	C>T	2	2	0	-24.4489754847668
1	154285078	58	56	1.13453702253514	0.125	T>G	2	2	0	-29.5335710675599
1	156568353	50	70	1.13453702253514	0.114	C>A	2	2	0	-26.9421809373695
1	156949152	51	73	1.13453702253514	0.205	A>C	2	2	1	-24.0415459360381
1	157067751	59	121	1.13453702253514	0.397	C>A	2	2	1	-10.995032237263
1	158687224	46	99	1.13453702253514	0.131	G>A	2	2	0	-32.2163034606778
1	159684245	50	175	1.13453702253514	0.103	T>G	2	2	0	-24.4489754847668
1	161771867	52	230	1.13453702253514	0.504	T>G	2	2	1	-11.0084599570015
1	166833199	40	64	1.13453702253514	0.141	C>A	2	2	1	-32.2409508465708
1	171076966	38	74	1.13453702253514	0.203	G>A	2	2	1	-24.0415459360381
1	204937307	57	59	0.626541142190376	0.78	G>T	2	1	1	-10.7911170789014
1	224588825	42	52	1.11995297301241	0.154	T>A	2	2	1	-30.6953244468817
1	236906286	54	291	1.11995297301241	0.43	G>T	2	2	1	-10.5771611076564
1	240371046	72	59	1.11995297301241	0.136	A>T	2	2	1	-32.2409508465708
1	245446287	55	40	1.11995297301241	0.25	C>T	2	2	1	-18.9301660996054
1	248604765	54	56	1.11995297301241	0.107	A>T	2	2	0	-26.9421809373695
1	248637115	53	53	1.11995297301241	0.132	T>C	2	2	0	-32.2163034606778
2	6636132	55	163	0.877	0.147	G>T	2	2	1	-31.2650949375696
2	10928962	37	56	1.10858509074463	0.107	A>G	2	2	0	-26.9421809373695
2	11727362	56	47	1.10858509074463	0.574	A>G	2	2	1	-13.3865508441265
2	13555078	43	166	1.10858509074463	0.139	A>C	2	2	1	-32.2409508465708
2	15753334	34	61	1.10858509074463	0.492	G>C	2	2	1	-10.8275918888356
2	28752348	47	75	1.10858509074463	0.107	G>A	2	2	0	-26.9421809373695
2	68620410	43	166	1.10858509074463	0.102	T>A	2	2	0	-24.4489754847668
2	69317925	41	45	1.10858509074463	0.267	G>A	2	2	1	-17.263887687815
2	84686349	67	54	1.10858509074463	0.463	G>A	2	2	1	-10.5229305704184
2	91843403	62	111	1.10858509074463	0.117	T>C	2	2	0	-29.5335710675599
2	92128934	39	276	1.10858509074463	0.101	G>A	2	2	0	-24.4489754847668
2	127810987	60	200	1.07856249312939	0.395	G>A	2	2	1	-10.9909030830667
2	128598790	45	150	1.07856249312939	0.353	G>T	2	2	1	-12.5174988235509
2	130751346	56	42	1.07856249312939	0.119	C>T	2	2	0	-29.5294419133637
2	133019671	41	271	1.07856249312939	0.1	C>T	2	2	0	-24.4448463305705
2	133020214	39	188	1.07856249312939	0.165	A>G	2	2	1	-29.2218034538971
2	133020258	39	183	1.07856249312939	0.12	A>G	2	2	0	-29.5294419133637
2	133020331	41	155	1.07856249312939	0.135	A>T	2	2	1	-32.2368216923746
2	133020372	41	117	1.07856249312939	0.12	C>G	2	2	0	-29.5294419133637
2	133020465	41	60	1.07856249312939	0.1	G>A	2	2	0	-24.4448463305705
2	133020562	36	56	1.07856249312939	0.125	C>T	2	2	0	-29.5294419133637
2	159731958	52	47	1.07856249312939	0.128	G>T	2	2	0	-32.2121743064816
2	191900999	43	362	1.11754675173946	0.11	T>G	2	2	0	-26.9421809373695
2	222308226	39	57	0.624936577119952	0.561	T>C	2	1	1	-28.118754432719
3	9935022	49	459	1.09461823317342	0.34	C>A	2	2	1	-12.9511348086257
3	23176137	45	70	0.613338637696475	0.114	A>T	2	1	0	-26.9087008724117
3	48624491	60	93	0.6296545358514	0.806	C>G	2	1	1	-10.2935113657502
3	49723274	72	43	0.6296545358514	0.116	G>A	2	1	0	-29.5393935159943
3	49725034	61	102	0.6296545358514	0.147	T>A	2	1	0	-37.8392177251908
3	66460577	58	88	0.6296545358514	0.591	C>T	2	1	1	-24.5437971101738
3	121363658	55	691	2.13267556204344	0.207	C>T	2	4	1	-10.4355755277803
3	132075759	46	85	1.58105168861322	0.153	T>C	2	3	1	-17.0091729608745
3	139090698	29	149	1.67941896506431	0.121	A>G	2	3	1	-20.1352559092482
3	172365832	53	157	1.53672547397207	0.146	T>G	2	3	1	-17.0091729608745
3	186503635	39	84	1.12562140531025	0.417	G>C	2	2	1	-10.6757333070471
3	195412863	43	51	1.06105530694504	0.118	C>T	2	2	0	-29.5649802413408
3	195426230	52	64	1.06105530694504	0.188	T>C	2	2	1	-25.2710012954753
3	195426231	52	64	1.06105530694504	0.172	G>A	2	2	1	-27.8604090225493
3	196625700	37	41	1.06105530694504	0.195	T>G	2	2	1	-24.072955109819
4	4422727	43	328	1.54748945882277	0.305	C>G	2	3	1	-10.4181955841467
4	5564555	51	90	1.54748945882277	0.7	C>T	2	3	2	-11.77331081633
4	17581617	47	54	1.60630955256242	0.167	T>A	2	3	1	-15.3355697983074
4	36075397	39	249	1.08071180846863	0.406	T>C	2	2	1	-10.8108012830111
4	38776303	32	62	1.08071180846863	0.274	T>C	2	2	1	-17.2597585336188
4	46994890	49	578	1.08071180846863	0.424	T>A	2	2	1	-10.6716041528509
4	66231568	29	97	1.1258462510797	0.155	C>T	2	2	1	-29.2259326080933
4	186291955	50	99	0.620472764067058	0.758	C>T	2	1	1	-11.3730031567956
4	190876256	36	154	0.600403059949324	0.123	C>T	2	1	0	-29.5000910026021
4	190876269	36	148	0.600403059949324	0.108	T>C	2	1	0	-26.9087008724117
5	7826804	39	141	1.12771198161204	0.383	C>T	2	2	1	-11.4792579953135
5	13894894	42	197	1.12771198161204	0.173	T>A	2	2	1	-27.8289998487684
5	24171414	45	83	1.12771198161204	0.518	G>T	2	2	1	-11.4890273956928
5	36686404	42	41	1.12771198161204	0.171	G>A	2	2	1	-27.8289998487684
5	68413108	44	167	0.60331931138028	0.15	A>C	2	1	0	-37.7999152117986
5	110284188	35	217	0.599	0.101	T>G	2	1	0	-24.4181687341665
5	110284370	41	131	0.563	0.122	A>C	2	1	0	-29.5478542353674
5	110285521	45	82	0.868608398902787	0.11	T>C	2	2	0	-27.7457496213595
5	178410092	60	82	0.629815573525157	0.854	A>C	2	1	1	-10.535616885681
5	179529044	61	81	0.629815573525157	0.481	A>G	2	1	1	-39.5553677831147
6	30680916	51	92	1.17768148702334	0.663	C>T	2	2	1	-19.4206009140171
6	31237987	60	57	0.789400895619002	0.649	C>T	2	1	1	-19.2436914443985
6	31238230	63	44	0.789400895619002	0.545	G>C	2	1	1	-30.2570821434922
6	31238234	63	59	0.789400895619002	0.729	G>A	2	1	1	-13.5586975439534
6	31324100	68	50	0.644270582754829	0.34	G>T	2	1	1	-65.6907604234304
6	31837277	56	58	1.21743859958903	0.655	C>A	2	2	1	-19.5043309543125
6	32522598	54	70	1.19188461236753	0.171	A>G	2	2	1	-27.8728745451746
6	32549356	55	96	1.19188461236753	0.125	T>C	2	2	0	-29.5774457639662
6	32549359	55	102	1.19188461236753	0.118	C>T	2	2	0	-29.5774457639662
6	32557478	55	47	1.19188461236753	0.213	C>A	2	2	1	-22.9485871309561
6	32557479	55	47	1.19188461236753	0.234	G>A	2	2	1	-20.8503085120112
6	32713793	48	421	1.15885876318043	0.102	T>G	2	2	0	-24.492850181173
6	33990586	59	406	1.15885876318043	0.365	T>C	2	2	1	-12.175305038176
6	36979483	60	154	1.6597406955102	0.136	T>G	2	3	1	-17.954009793843
6	37298786	48	320	1.6597406955102	0.647	T>C	2	3	2	-10.6142231174708
6	41166017	53	412	1.6597406955102	0.15	C>T	2	3	1	-17.0062203949095
6	41166151	53	58	1.6597406955102	0.103	A>G	2	3	1	-22.604861372504
6	41562561	60	242	1.6597406955102	0.318	C>T	2	3	1	-10.4293797712555
6	41617626	57	79	1.6597406955102	0.228	G>C	2	3	1	-11.9000257696778
6	44269193	60	90	1.6597406955102	0.278	C>T	2	3	1	-10.5890804101549
6	55119999	50	311	1.11316560918718	0.453	C>T	2	2	1	-10.5009516636996
6	56482704	29	67	1.11316560918718	0.104	A>C	2	2	0	-24.4489754847668
6	58777020	39	49	1.27710697092769	0.122	T>G	2	2	0	-29.7849032567784
6	58777233	35	42	1.27710697092769	0.19	C>T	2	2	1	-25.4909243109129
6	58777952	39	66	1.27710697092769	0.136	A>G	2	2	1	-32.4922830357893
6	58778019	39	58	1.27710697092769	0.224	G>T	2	2	1	-22.0783099201218
6	58778036	38	53	1.27710697092769	0.113	A>C	2	2	0	-27.1935131265879
6	97561812	51	126	0.622704486680731	0.659	G>T	2	1	1	-17.5209812131974
6	106114637	47	100	0.622704486680731	0.15	C>T	2	1	0	-37.7999152117986
6	116774264	36	149	0.622704486680731	0.161	T>C	2	1	0	-40.7249725276826
6	116774270	36	155	0.622704486680731	0.2	T>C	2	1	0	-53.1183824743172
6	116774475	37	90	0.622704486680731	0.1	G>C	2	1	0	-24.415495419809
6	116774495	37	93	0.622704486680731	0.215	C>T	2	1	0	-59.6927125785272
6	116774503	37	97	0.622704486680731	0.247	T>C	2	1	0	-69.9792484112467
6	116774616	37	81	0.622704486680731	0.21	A>G	2	1	0	-56.3759981275013
6	129478995	50	415	0.622704486680731	0.318	G>A	2	1	1	-70.0609449420752
6	136582203	29	87	0.969712043956325	0.126	T>C	2	2	0	-32.4376361313547
6	136590640	38	214	0.969712043956325	0.107	A>C	2	2	0	-27.1635136080463
6	137019684	42	215	0.619679506543354	0.763	C>T	2	1	1	-11.3730031567956
6	152614946	43	60	0.619679506543354	0.867	T>C	2	1	1	-11.0613074629269
6	158502243	53	237	0.619679506543354	0.776	C>T	2	1	1	-10.7518145655092
6	160551249	51	298	0.619679506543354	0.779	G>T	2	1	1	-10.7518145655092
7	32772477	49	350	1.12986761424844	0.154	C>A	2	2	1	-30.6953244468817
7	34750648	42	49	1.12986761424844	0.163	G>A	2	2	1	-29.2259326080933
7	44154864	52	99	0.616060795127569	0.778	C>G	2	1	1	-10.7518145655092
7	55832683	38	89	0.616060795127569	0.146	A>G	2	1	0	-37.7999152117986
7	57659484	39	200	0.616060795127569	0.185	G>A	2	1	0	-46.7891399232643
7	57659548	39	257	0.616060795127569	0.152	T>C	2	1	0	-37.7999152117986
7	57659554	39	253	0.616060795127569	0.15	T>C	2	1	0	-37.7999152117986
7	57659583	39	261	0.616060795127569	0.207	A>G	2	1	0	-56.3759981275013
7	57659621	39	265	0.616060795127569	0.162	A>G	2	1	0	-40.7249725276826
7	57701642	56	181	0.607	0.116	A>T	2	1	0	-29.5000910026021
7	57887866	40	51	0.582	0.118	C>T	2	1	0	-29.5027643169596
7	57887938	40	155	0.797834326963609	0.103	G>C	2	1	0	-25.2684349347707
7	66280837	62	134	1.11683439384012	0.381	C>A	2	2	1	-11.4792579953135
7	66459256	43	240	1.11683439384012	0.133	T>C	2	2	0	-32.2163034606778
7	72954225	60	622	1.11683439384012	0.299	C>T	2	2	1	-15.1367920588196
7	94040248	44	167	1.11683439384012	0.431	C>T	2	2	1	-10.5771611076564
7	102136550	54	221	1.11683439384012	0.113	G>A	2	2	0	-26.9421809373695
7	102212880	66	223	1.11683439384012	0.112	G>C	2	2	0	-26.9421809373695
7	108634988	50	146	1.11683439384012	0.452	G>C	2	2	1	-10.5009516636996
7	120773954	27	61	1.11683439384012	0.115	A>G	2	2	0	-29.5335710675599
7	127724760	58	627	1.64218918986429	0.289	T>A	2	3	1	-10.4782178173431
7	130136107	33	87	1.64218918986429	0.103	G>A	2	3	1	-22.604861372504
7	135262533	33	75	1.64218918986429	0.333	T>C	2	3	1	-10.5048873237636
7	142459962	45	141	1.64218918986429	0.106	A>G	2	3	1	-21.3014546711899
7	142471799	51	404	1.64218918986429	0.101	T>C	2	3	1	-22.604861372504
7	142575082	61	104	1.64218918986429	0.202	G>C	2	3	1	-13.341626887844
7	142997568	59	58	1.64218918986429	0.328	C>T	2	3	1	-10.5048873237636
8	7277534	40	138	1.10825773911083	0.152	G>C	2	2	1	-30.6953244468817
8	10390534	48	391	1.10825773911083	0.432	G>C	2	2	1	-10.5771611076564
8	11679177	41	113	1.10825773911083	0.115	C>T	2	2	0	-29.5335710675599
8	27310546	55	42	0.635800682473573	0.5	A>G	2	1	1	-36.4679869417952
8	37696609	67	96	1.09684041498497	0.469	C>G	2	2	1	-10.58063566683
8	55609120	43	48	1.10065677151765	0.333	T>C	2	2	1	-13.4287962079384
8	69445372	37	317	1.10065677151765	0.442	A>G	2	2	1	-10.514841015006
8	73926236	38	79	1.10065677151765	0.114	T>G	2	2	0	-26.9380517831732
8	121302022	45	159	1.14536254349119	0.164	G>C	2	2	1	-29.2259326080933
8	125933111	42	159	1.67218589151059	0.27	T>A	2	3	1	-10.787850906695
8	141572497	63	53	1.67218589151059	0.226	G>A	2	3	1	-11.9390490314624
9	6587054	47	71	1.89346239633984	0.113	A>T	2	4	1	-15.3935722323736
9	6644575	45	228	1.89346239633984	0.623	G>C	2	4	3	-12.4697078849126
9	29825084	39	83	1.1229053313745	0.349	A>T	2	2	1	-12.5216279777471
9	32405639	39	105	1.1229053313745	0.143	T>G	2	2	1	-32.2409508465708
9	33386430	62	85	1.1229053313745	0.129	C>T	2	2	0	-32.2163034606778
9	33386947	64	141	1.1229053313745	0.163	C>T	2	2	1	-29.2259326080933
9	33387047	57	154	1.1229053313745	0.11	T>G	2	2	0	-26.9421809373695
9	33797733	60	84	1.1229053313745	0.119	A>G	2	2	0	-29.5335710675599
9	33797783	60	155	1.1229053313745	0.123	A>T	2	2	0	-29.5335710675599
9	45362606	58	133	1.1229053313745	0.113	G>T	2	2	0	-26.9421809373695
9	45362677	58	159	1.1229053313745	0.113	T>C	2	2	0	-26.9421809373695
9	66499770	59	142	1.14135946448018	0.162	G>T	2	2	1	-29.2259326080933
9	66517546	49	478	1.14135946448018	0.128	C>T	2	2	0	-32.2163034606778
9	68413547	60	48	1.14135946448018	0.104	C>T	2	2	0	-24.4489754847668
9	68429175	31	126	1.14135946448018	0.19	A>C	2	2	1	-25.2395921216944
9	70484619	30	192	1.60572560365794	0.182	T>C	2	3	1	-14.6056086446248
9	72920249	35	150	1.60572560365794	0.1	A>G	2	3	1	-22.604861372504
9	73002792	60	307	1.60572560365794	0.313	A>C	2	3	1	-10.3992426768352
9	73213253	35	78	1.60572560365794	0.321	C>A	2	3	1	-10.4293797712555
9	73442724	44	151	1.60572560365794	0.212	C>T	2	3	1	-12.8026303871114
9	90396201	46	80	1.60572560365794	0.1	C>T	2	3	1	-22.604861372504
9	95997014	62	144	1.60572560365794	0.285	G>T	2	3	1	-10.5890804101549
9	103108399	32	271	1.60572560365794	0.295	G>A	2	3	1	-10.4152430181817
9	114486219	26	46	1.60572560365794	0.174	T>A	2	3	1	-15.3355697983074
9	117844239	38	158	1.60572560365794	0.234	G>A	2	3	1	-11.9000257696778
10	94018	61	160	1.09186236654688	0.131	T>C	2	2	0	-32.2121743064816
10	5165886	40	182	1.09186236654688	0.115	C>T	2	2	0	-29.5294419133637
10	5324827	38	135	1.09186236654688	0.104	T>C	2	2	0	-24.4448463305705
10	15256194	49	97	1.09186236654688	0.144	G>A	2	2	1	-32.2368216923746
10	28233931	41	73	1.61024518035254	0.11	G>A	2	3	1	-21.3014546711899
10	28233933	41	72	1.61024518035254	0.125	A>G	2	3	1	-20.0962326474635
10	29779847	52	311	1.11816377602701	0.109	A>C	2	2	0	-26.9421809373695
10	30915898	54	197	1.11816377602701	0.117	C>T	2	2	0	-29.5335710675599
10	30918492	41	206	1.11816377602701	0.15	G>T	2	2	1	-30.6953244468817
10	32321495	37	46	1.11816377602701	0.196	C>T	2	2	1	-24.0415459360381
10	36812251	38	198	1.11816377602701	0.141	C>T	2	2	1	-32.2409508465708
10	42388344	35	46	1.54534900467965	0.109	T>A	2	3	1	-21.3044072371549
10	42388366	35	49	1.54534900467965	0.122	G>A	2	3	1	-20.0991852134285
10	42395993	35	62	1.54534900467965	0.21	G>A	2	3	1	-12.8055829530764
10	42596988	37	75	1.54534900467965	0.133	C>T	2	3	1	-18.9853054526296
10	42775393	44	56	0.599201151742322	0.232	A>G	2	1	0	-63.0692911322589
10	46999601	63	40	0.646275963245107	0.125	G>A	2	1	0	-29.5393935159943
10	50227631	54	72	0.626106401279794	0.833	C>G	2	1	1	-10.2761056901959
10	95278683	46	69	0.626106401279794	0.42	G>A	2	1	1	-49.7732450297481
10	99144842	67	133	0.626106401279794	0.203	C>T	2	1	0	-53.1576849877094
10	99804196	50	49	0.626106401279794	0.102	T>C	2	1	0	-24.4547979332012
10	99804265	50	49	0.626106401279794	0.102	C>T	2	1	0	-24.4547979332012
10	116207801	46	287	1.10205827859736	0.251	G>T	2	2	1	-18.9260369454092
10	123842938	59	40	1.10205827859736	0.25	G>A	2	2	1	-18.9260369454092
10	135440222	53	69	0.71454886208949	0.116	C>T	2	1	0	-29.9053845417177
11	1642989	66	54	1.08780238139714	0.111	C>A	2	2	0	-26.9380517831732
11	3427671	50	136	0.624963721939129	0.331	G>A	2	1	1	-67.8338674015893
11	3427708	60	214	0.624963721939129	0.21	C>T	2	1	0	-56.3759981275013
11	3427723	60	226	0.624963721939129	0.106	C>T	2	1	0	-26.9087008724117
11	3431576	52	269	0.624963721939129	0.104	G>A	2	1	0	-24.415495419809
11	3431671	52	197	0.624963721939129	0.112	C>T	2	1	0	-26.9087008724117
11	4661045	50	172	0.624963721939129	0.843	C>G	2	1	1	-10.3303292348146
11	4967532	42	58	0.624963721939129	0.31	G>C	2	1	1	-72.333392940649
11	4967831	43	41	0.624963721939129	0.512	T>C	2	1	1	-34.9444096589229
11	18632984	32	46	0.618727386797721	0.522	T>C	2	1	1	-33.4997556826174
11	46804812	36	132	0.641862450870442	0.795	G>A	2	1	1	-10.3988718814081
11	48513737	44	53	1.07641425031502	0.34	G>A	2	2	1	-12.9511348086257
11	56468200	50	154	1.09096119095897	0.13	C>T	2	2	0	-32.2121743064816
11	56468202	50	159	1.09096119095897	0.189	G>A	2	2	1	-25.2354629674982
11	57982832	45	394	1.10684964492938	0.119	T>A	2	2	0	-29.5335710675599
11	59259637	50	45	1.10684964492938	0.156	A>C	2	2	1	-29.2259326080933
11	60201361	37	407	1.10684964492938	0.408	C>A	2	2	1	-10.8149304372073
11	62286674	46	155	1.10684964492938	0.535	T>C	2	2	1	-12.1282961341156
11	62652779	50	127	1.10684964492938	0.142	C>T	2	2	1	-32.2409508465708
11	67742155	44	91	1.15684541383945	0.209	A>C	2	2	1	-22.9485871309561
11	67742161	44	97	1.15684541383945	0.196	A>T	2	2	1	-24.0854206324444
11	67742164	44	94	1.15684541383945	0.202	C>A	2	2	1	-24.0854206324444
11	67742236	44	59	1.15684541383945	0.186	C>A	2	2	1	-25.2834668181007
11	74913878	51	289	1.15684541383945	0.488	C>T	2	2	1	-10.8714665852418
11	79699398	37	161	1.15684541383945	0.484	G>T	2	2	1	-10.7302193102505
11	80364768	42	219	0.97	0.142	G>A	2	2	1	-32.4622835172477
11	120823705	60	303	1.09165384942078	0.838	C>A	2	2	2	-11.9190170541027
11	121232871	48	84	1.09165384942078	0.619	G>A	2	2	1	-16.2912255322089
11	124007444	47	47	1.09165384942078	0.234	C>A	2	2	1	-20.8023046614087
12	92627	59	109	1.61844434471313	0.22	C>T	2	3	1	-12.3227326842204
12	1003837	41	351	1.61844434471313	0.12	C>T	2	3	1	-20.0962326474635
12	1480831	42	53	1.61844434471313	0.113	G>C	2	3	1	-21.3014546711899
12	8381960	46	67	1.61844434471313	0.269	C>G	2	3	1	-10.7488276449103
12	9453656	59	41	1.61844434471313	0.22	C>T	2	3	1	-12.3227326842204
12	9578234	62	48	1.61844434471313	0.292	T>A	2	3	1	-10.4782178173431
12	10015177	28	100	1.61844434471313	0.1	A>G	2	3	1	-22.604861372504
12	10131684	44	184	1.61844434471313	0.168	T>G	2	3	1	-15.3355697983074
12	10312648	41	41	1.61844434471313	0.293	C>A	2	3	1	-10.4782178173431
12	11201041	40	82	1.61844434471313	0.11	A>G	2	3	1	-21.3014546711899
12	15673103	32	126	1.0997259140589	0.103	C>T	2	2	0	-24.4448463305705
12	31244703	67	88	1.14192120684229	0.148	C>T	2	2	1	-30.6953244468817
12	31247682	46	187	1.14192120684229	0.118	T>C	2	2	0	-29.5335710675599
12	31249244	54	105	1.14192120684229	0.181	T>A	2	2	1	-26.5012016943301
12	31255272	57	157	1.14192120684229	0.121	C>A	2	2	0	-29.5335710675599
12	44000742	35	115	1.11030128087462	0.522	G>A	2	2	1	-11.4890273956928
12	53696777	58	145	1.11030128087462	0.193	C>A	2	2	1	-25.2395921216944
12	55886489	36	99	1.11030128087462	0.162	T>A	2	2	1	-29.2259326080933
12	72667124	60	49	1.11030128087462	0.102	T>G	2	2	0	-24.4489754847668
13	20067081	35	114	0.600613862955472	0.105	A>G	2	1	0	-24.415495419809
13	39338457	30	70	0.600613862955472	0.843	G>A	2	1	1	-10.3303292348146
13	95410508	44	49	1.56408341080837	0.714	G>T	2	3	2	-12.1423168266114
14	20136982	69	105	1.14663809744216	0.19	C>A	2	2	1	-25.2395921216944
14	20137196	45	518	1.14663809744216	0.116	C>A	2	2	0	-29.5335710675599
14	22102439	56	158	1.08662248305096	0.158	C>G	2	2	1	-29.2218034538971
14	23523621	60	121	1.08662248305096	0.496	T>A	2	2	1	-11.0043308028053
14	24114260	56	139	1.08662248305096	0.223	C>T	2	2	1	-21.822848576707
14	24473542	45	258	1.08662248305096	0.116	A>G	2	2	0	-29.5294419133637
14	30068314	36	97	1.08662248305096	0.309	C>T	2	2	1	-14.5188255625213
14	39818145	35	62	1.08662248305096	0.113	G>A	2	2	0	-26.9380517831732
14	55647889	50	131	1.08662248305096	0.122	T>G	2	2	0	-29.5294419133637
14	59295113	61	135	1.08662248305096	0.2	C>T	2	2	1	-24.0374167818419
14	77352944	43	235	0.630656329174467	0.174	A>G	2	1	0	-43.7617914364223
15	20462520	61	271	1.04273282606165	0.107	G>A	2	2	0	-26.9735901111504
15	20462720	35	133	1.04273282606165	0.135	G>A	2	2	1	-32.2723600203518
15	20482111	59	394	1.04273282606165	0.107	G>A	2	2	0	-26.9735901111504
15	20588693	29	624	1.04273282606165	0.111	C>T	2	2	0	-26.9735901111504
15	20657723	50	421	1.04273282606165	0.221	C>A	2	2	1	-21.8583869046842
15	21106528	39	161	1.04273282606165	0.118	T>C	2	2	0	-29.5649802413408
15	22016405	38	365	1.04273282606165	0.134	C>G	2	2	0	-32.2477126344588
15	22145401	40	158	1.04273282606165	0.101	C>T	2	2	0	-24.4803846585477
15	22709847	53	44	1.04273282606165	0.205	T>C	2	2	1	-24.072955109819
15	23470965	57	129	1.04273282606165	0.132	C>T	2	2	0	-32.2477126344588
15	28517539	33	126	1.11429980145028	0.127	G>A	2	2	0	-32.2163034606778
15	30936774	26	46	1.11429980145028	0.478	A>T	2	2	1	-10.6863446138442
15	42445564	56	163	1.11429980145028	0.393	G>C	2	2	1	-11.2163559518602
15	44168225	46	243	1.11429980145028	0.449	T>A	2	2	1	-10.5009516636996
15	75561310	63	49	1.10117761181953	0.143	A>G	2	2	1	-32.2368216923746
15	75651040	64	262	1.10117761181953	0.115	T>C	2	2	0	-29.5294419133637
15	76077817	63	63	1.10117761181953	0.111	T>C	2	2	0	-26.9380517831732
15	89862366	50	89	1.10117761181953	0.124	T>C	2	2	0	-29.5294419133637
15	94899354	39	78	1.10117761181953	0.103	T>G	2	2	0	-24.4448463305705
15	100271253	42	57	1.10117761181953	0.105	C>T	2	2	0	-24.4448463305705
15	100340166	62	45	1.10117761181953	0.178	G>T	2	2	1	-26.4970725401338
16	1306921	66	45	0.629614904502384	0.244	G>A	2	1	0	-66.5352885899224
16	20442531	50	111	0.629614904502384	0.117	T>C	2	1	0	-29.5393935159943
16	20442562	50	116	0.629614904502384	0.138	C>T	2	1	0	-34.9903949702075
16	23848762	55	130	1.12680147284773	0.138	G>A	2	2	1	-32.2409508465708
16	24802935	54	150	1.12680147284773	0.373	C>A	2	2	1	-11.7841358665165
16	32399642	27	109	1.07623046319881	0.119	A>G	2	2	0	-29.5294419133637
16	32616891	49	95	1.07623046319881	0.126	C>A	2	2	0	-32.2121743064816
16	33412679	39	52	1.07623046319881	0.135	G>A	2	2	1	-32.2368216923746
16	33500685	49	169	1.07623046319881	0.166	T>C	2	2	1	-27.8248706945721
16	33500893	43	234	1.07623046319881	0.103	C>T	2	2	0	-24.4448463305705
16	33941691	40	73	1.07623046319881	0.178	C>T	2	2	1	-26.4970725401338
16	46629506	44	266	1.55737511981752	0.357	T>A	2	3	1	-10.9998558716306
16	66948379	56	129	1.31053758238249	0.271	C>A	2	3	1	-11.1760038043448
16	71509588	44	40	1.31053758238249	0.775	G>A	2	3	2	-16.553273764798
16	90095620	66	93	1.60281582479577	0.172	A>G	2	3	1	-15.3355697983074
17	3649118	58	161	0.615352153397371	0.727	C>T	2	1	1	-12.7057580289916
17	6900224	63	60	0.615352153397371	0.1	T>G	2	1	0	-24.415495419809
17	6902279	54	121	0.615352153397371	0.835	G>C	2	1	1	-10.3303292348146
17	7578203	55	202	0.615352153397371	0.787	C>T	2	1	1	-10.5261425678417
17	14139565	63	48	0.615352153397371	0.188	C>T	2	1	0	-49.9219795053011
17	14139580	63	49	0.615352153397371	0.143	T>C	2	1	0	-34.9510924568153
17	15522759	43	140	0.615352153397371	0.1	A>T	2	1	0	-24.415495419809
17	16068396	36	154	0.615352153397371	0.123	G>A	2	1	0	-29.5000910026021
17	20602355	55	43	0.636087285714275	0.14	T>G	2	1	0	-34.9903949702075
17	20769896	62	153	0.639	0.111	G>T	2	1	0	-26.9480033858039
17	20769899	62	153	0.636	0.111	G>T	2	1	0	-26.9480033858039
17	21319439	61	181	0.586340607362678	0.133	T>G	2	1	0	-32.1854967100775
17	21319452	61	159	0.586340607362678	0.113	G>A	2	1	0	-26.9113741867692
17	21319470	61	160	0.586340607362678	0.156	T>C	2	1	0	-40.7276458420401
17	21319488	61	141	0.586340607362678	0.121	C>T	2	1	0	-29.5027643169596
17	21319519	61	126	0.586340607362678	0.119	G>C	2	1	0	-29.5027643169596
17	21518879	38	59	0.586340607362678	0.153	G>A	2	1	0	-37.8025885261561
17	21544599	36	129	0.586340607362678	0.147	A>G	2	1	0	-37.8025885261561
17	21560519	39	100	0.586340607362678	0.12	A>G	2	1	0	-29.5027643169596
17	21562283	54	152	0.586340607362678	0.217	C>A	2	1	0	-59.6953858928847
17	39274157	66	84	1.11447785360291	0.107	G>A	2	2	0	-26.9421809373695
17	39296361	65	44	1.11447785360291	0.182	A>G	2	2	1	-26.5012016943301
17	39742898	63	45	1.11447785360291	0.578	G>A	2	2	1	-13.8864644344415
17	41276113	33	156	1.11447785360291	0.942	T>C	2	2	2	-10.7955234257944
17	58289507	30	234	1.13232707377498	0.145	T>C	2	2	1	-32.2409508465708
17	60365762	38	42	1.13232707377498	0.667	C>T	2	2	1	-20.2557290078478
17	61028259	50	115	1.13232707377498	0.313	C>A	2	2	1	-14.5229547167175
17	74014216	64	45	1.13232707377498	0.556	A>T	2	2	1	-12.9270185147481
17	78321283	52	192	1.13232707377498	0.901	G>A	2	2	2	-10.0010407372155
18	48338	61	63	0.720199294002104	0.222	G>A	2	1	0	-60.0980061176429
18	48387	61	70	0.720199294002104	0.2	G>A	2	1	0	-53.5236760134328
18	7050767	51	127	0.592182616305222	0.795	G>C	2	1	1	-10.3622426823734
18	14183538	36	50	0.683987535300918	0.18	G>A	2	1	0	-47.0314260356946
18	14183612	38	142	0.683987535300918	0.162	T>C	2	1	0	-40.967258640113
18	14183642	38	210	0.683987535300918	0.186	C>G	2	1	0	-50.1642656177314
18	14183646	38	213	0.683987535300918	0.183	C>T	2	1	0	-47.0314260356946
18	14208182	33	189	0.683987535300918	0.116	A>G	2	1	0	-29.7423771150324
18	14208192	33	197	0.683987535300918	0.112	C>A	2	1	0	-27.150986984842
18	21743245	40	86	0.60922040238149	0.802	C>G	2	1	1	-10.3595693680159
18	33725874	36	53	1.26385550851533	0.226	T>G	2	2	1	-21.0577660048235
18	34156572	32	152	1.26385550851533	0.322	C>T	2	2	1	-14.2065869996006
18	43204618	57	43	0.629255850092674	0.116	T>G	2	1	0	-29.5393935159943
18	43248018	48	94	0.629255850092674	0.851	G>A	2	1	1	-10.535616885681
18	64172451	30	131	0.629255850092674	0.802	G>T	2	1	1	-10.3988718814081
19	6176321	48	109	0.629676442985428	0.743	G>A	2	1	1	-12.2492113728074
19	15027982	48	104	1.10304868332383	0.115	G>A	2	2	0	-29.5294419133637
19	19037053	61	118	1.10304868332383	0.127	T>C	2	2	0	-32.2121743064816
19	19843878	62	77	1.10304868332383	0.273	G>A	2	2	1	-17.2597585336188
19	36004015	61	198	1.53420825017097	0.379	A>C	2	3	1	-11.5433575266856
19	41095117	59	65	1.11150505924288	0.123	A>T	2	2	0	-29.5335710675599
19	41354606	70	123	1.11150505924288	0.146	G>T	2	2	1	-30.6953244468817
19	44130439	61	50	1.11150505924288	0.1	T>C	2	2	0	-24.4489754847668
19	49558678	61	86	1.11150505924288	0.349	T>G	2	2	1	-12.5216279777471
19	53770569	47	259	1.07763837586447	0.286	G>C	2	2	1	-15.7934747045403
19	54744210	56	332	1.10601577748931	0.111	A>G	2	2	0	-26.9421809373695
19	54754942	59	72	1.01809781992996	0.556	G>A	2	2	1	-13.0335868096808
19	56487603	45	53	1.01809781992996	0.736	A>G	2	2	2	-20.8407659334318
20	3001873	53	128	1.12988012543776	0.172	G>T	2	2	1	-27.8289998487684
20	5542052	32	190	1.12988012543776	0.111	A>G	2	2	0	-26.9421809373695
20	6194904	44	191	1.12988012543776	0.22	C>T	2	2	1	-21.8269777309033
20	17497769	42	97	1.12988012543776	0.165	G>A	2	2	1	-29.2259326080933
20	23729496	56	66	1.12988012543776	0.106	C>T	2	2	0	-26.9421809373695
20	29612103	64	41	1.10512170822517	0.122	T>C	2	2	0	-29.5294419133637
20	29623224	40	227	1.10512170822517	0.119	C>A	2	2	0	-29.5294419133637
20	29632772	31	92	1.10512170822517	0.141	G>A	2	2	1	-32.2368216923746
20	29633915	28	453	1.10512170822517	0.126	C>T	2	2	0	-32.2121743064816
20	34089716	52	172	1.10512170822517	0.366	C>T	2	2	1	-11.7800067123202
20	48429508	71	68	1.59237700668357	0.103	G>C	2	3	1	-22.607813938469
20	55026697	54	87	1.59237700668357	0.172	A>G	2	3	1	-15.3385223642724
20	57899467	57	216	1.59237700668357	0.574	G>A	2	3	2	-11.0071551304302
20	58330315	56	202	1.59237700668357	0.317	C>T	2	3	1	-10.4323323372205
21	9590370	38	155	0.762	0.116	C>T	2	1	0	-30.1090168991725
21	9769012	30	68	0.961700015130292	0.103	C>T	2	2	0	-24.6703081554436
21	11058114	36	89	0.961700015130292	0.101	G>C	2	2	0	-24.6703081554436
21	11114515	30	111	0.961700015130292	0.126	A>G	2	2	0	-32.4376361313547
21	32114572	53	236	1.0806579462168	0.119	G>T	2	2	0	-29.5294419133637
21	34014283	43	115	1.0806579462168	0.104	C>A	2	2	0	-24.4448463305705
21	34635590	52	199	1.0806579462168	0.367	G>A	2	2	1	-11.7800067123202
21	35896032	36	80	1.0806579462168	0.287	A>G	2	2	1	-15.7934747045403
21	37503022	43	187	1.0806579462168	0.123	C>T	2	2	0	-29.5294419133637
21	40715167	36	46	1.0806579462168	0.152	A>C	2	2	1	-30.6911952926854
21	42718879	51	213	1.0806579462168	0.23	A>C	2	2	1	-20.8023046614087
21	45499634	30	49	1.0806579462168	0.347	C>A	2	2	1	-12.5174988235509
21	46057634	65	100	1.0806579462168	0.16	T>C	2	2	1	-29.2218034538971
21	47722406	56	121	1.0806579462168	0.397	G>T	2	2	1	-10.9909030830667
22	16346383	31	58	1.17094526921246	0.155	A>T	2	2	1	-29.2698073044996
22	18843903	61	112	1.17094526921246	0.116	C>T	2	2	0	-29.5774457639662
22	20718786	55	53	0.612256487745646	0.358	T>C	2	1	1	-61.4181281045092
22	21347964	65	94	0.612256487745646	0.819	C>A	2	1	1	-10.2124117236796
22	22661312	49	88	0.612256487745646	0.125	T>C	2	1	0	-29.5000910026021
22	22661328	49	88	0.612256487745646	0.102	G>A	2	1	0	-24.415495419809
22	22664153	51	94	0.612256487745646	0.181	G>A	2	1	0	-46.7891399232643
22	44324727	47	84	0.612256487745646	0.488	C>G	2	1	1	-37.9525644524754
22	44324730	47	56	0.612256487745646	0.286	C>T	2	1	1	-77.0175382671449
22	51220848	47	170	0.612256487745646	0.129	C>A	2	1	0	-32.18282339572
